8
1 50 100 200 42 500 13 99
-1.372763
-1.484906
0.665659
-1.045440
3.020606
2.109037
0.950017
0.244515
-1.488644
1.662643
-0.130001
-0.858094
1.034344
0.718416
0.500154
-1.146569
0.678807
0.189009
-1.044887
0.707346
-1.571103
-0.576162
-0.585143
-0.809970
-0.919147
-0.482725
0.231202
-1.116954
-0.442570
-0.311138
-0.863245
-0.651374
-0.672887
-0.229478
-0.132941
-0.371143
-1.277701
-1.856656
0.710808
1.256214
-1.647013
-0.890877
-0.993609
-1.052115
0.067876
-1.166649
-1.123844
-0.434547
-1.580920
-0.581862
0.380720
-0.653911
-0.749583
-1.397777
0.111072
-0.802065
-0.111513
0.237040
-0.958405
-0.729662
-0.514317
0.964723
0.654168
0.496700
-0.723903
-1.006090
-0.796615
-1.060089
-0.504892
-0.461079
-0.563201
-1.304032
-1.684255
-0.551476
-0.628377
-0.171851
-0.473191
0.810442
-0.513555
-1.004516
0.036163
-0.187546
-0.523459
-0.440383
-0.394356
-0.402624
-1.584331
-0.869211
1.292308
0.808273
0.501712
-0.062368
-1.061185
-1.276051
-0.875158
-0.148371
-0.102786
0.171896
-0.629654
0.158838
-1.195270
-0.227200
-0.980636
-0.521071
-0.311199
-1.033228
-0.693849
-1.436126
-0.050381
-1.406012
-1.279403
0.025857
0.339071
0.318357
-1.087944
0.377364
-0.807791
-0.908953
-0.489150
-0.434471
-0.584481
-0.861596
-1.771897
-2.028588
-0.717696
-1.168637
-1.338542
-0.736995
-0.908503
-1.541250
-0.756992
-1.300224
2.383784
-1.037019
0.052061
-0.506133
-1.389211
-0.834498
-0.624812
0.125337
-0.722757
-0.571793
-0.638146
-1.740479
-1.109245
-1.780175
-0.842648
-1.327592
-1.187448
-0.752145
0.272962
-0.683099
0.339910
-0.465172
-1.273188
0.390904
-0.671603
-0.163579
-1.545992
-0.947714
-1.439692
-0.441884
0.321258
-0.664678
-0.383857
-1.293954
0.419550
-0.267662
-1.678287
-0.785985
-0.118481
-1.150783
-0.789807
-1.346069
-0.821258
0.474258
-0.193959
-1.555485
-0.965068
-0.984313
-1.606752
-1.418559
-1.414079
0.000899
-1.651822
-0.837779
-0.465856
0.135540
-0.419897
-0.043168
-0.191075
-0.832781
-1.755566
-1.865310
-0.118681
-0.984476
-1.138626
-0.900397
-1.332401
-1.609654
0.134304
0.116883
-1.538933
-1.169397
-1.178584
-1.127446
-1.754368
-0.553567
1.181623
-0.279865
2.485385
-0.173767
-0.603240
-0.444005
-1.258304
-0.339820
-1.431620
-0.323220
0.304675
-1.142697
-1.532721
-0.858536
-0.145548
-1.378441
-0.881063
0.482810
-0.409482
-1.483833
-0.588266
-1.552018
0.222421
1.033230
-1.490010
0.104497
-1.419719
-1.003806
-0.506579
-0.394129
0.112843
0.419853
-1.331452
-1.502368
-0.439508
-0.323709
0.455513
-0.197695
-0.723426
-0.187377
-0.537165
-1.500926
-1.525110
1.320814
-1.146193
-1.272013
-0.913990
-0.908150
-0.447811
0.109074
-0.422165
-1.183516
-0.990920
-0.486117
0.040417
-1.485213
-0.742423
-1.712359
-0.415830
0.182270
-0.292695
-0.661851
-0.779340
-0.503732
-1.331181
0.421633
-1.280638
-1.717120
-1.057325
0.940286
-0.673378
-1.580701
0.082361
0.011971
-0.337500
-1.299175
-0.953422
0.023586
-1.317278
-0.694713
-1.305854
-0.619798
-1.596530
-1.437909
-0.908875
-1.050935
-0.256464
-0.518778
-1.421467
-0.851313
0.443222
-0.687403
-0.570295
-1.587568
-1.113165
-0.639948
-1.023145
-0.788136
-0.705769
-0.177963
-0.223817
0.554872
-0.818003
-1.611836
-0.779439
-0.876312
0.647683
-0.391681
-0.913661
0.060947
-1.469552
-0.627332
-1.316885
-0.935206
0.964004
-1.448104
-0.609680
-0.358266
-0.964339
-0.656354
-1.697390
-0.802156
-1.222847
-1.108896
-0.281284
-0.007497
-1.351360
-1.246055
-0.403786
-1.622504
-0.176534
-0.682471
-0.077220
-1.027341
-0.339832
-0.794905
0.568580
-1.362667
-1.155709
-0.415819
-0.658039
-1.406771
-0.021361
0.180411
-0.416789
1.112242
-1.021863
-0.594223
-1.800790
0.811156
-0.608023
-0.807457
-0.788153
-0.366939
0.368802
-0.877569
0.430715
-0.622872
-1.599361
-1.026206
-1.115468
-0.608738
-1.607247
-1.270653
0.007816
-0.611232
0.554902
-0.351176
-1.736419
-0.141682
-1.194775
-0.941209
-0.167167
-0.737961
-0.347030
-1.612700
-0.567732
0.002422
-1.825076
-0.982034
-0.349959
-0.557964
-1.180064
-0.903165
-0.615771
-1.391597
-1.196425
-0.409822
0.091173
-0.548900
-1.744798
-0.798024
-1.320820
-0.643532
-0.533513
-0.159695
-0.202324
-1.672531
-0.613815
-1.117072
-1.425382
-1.422578
-1.814067
-0.647664
-0.671810
-0.217797
-1.674365
-0.932507
-0.252281
1.164218
-0.330035
-1.342836
-1.003743
-0.986151
-0.894671
-0.409506
-1.618353
-0.684097
-1.027935
-1.475951
-0.782456
-0.726993
-0.861677
-1.086627
0.448614
-1.426351
-0.374599
-1.149936
-1.565099
-0.910944
-0.873625
-1.175537
-1.592006
-0.061809
-0.723934
-1.227425
-0.651512
-0.816220
-1.130434
-0.820280
-1.436393
-1.077772
-1.754927
-0.359797
-0.503092
-0.380017
-1.149888
-0.100936
0.483255
-1.487037
0.509572
-1.285753
-1.095228
-0.009968
-1.829336
-0.974485
-1.245860
-1.735482
-2.014223
-0.644023
-0.913613
-0.365362
-0.772443
-1.144653
-1.130566
-0.453125
-0.744501
-0.599898
-0.905687
-0.157730
-0.823536
-0.512229
-1.273571
-0.416179
-0.382209
-1.549208
-1.510611
-0.846268
-0.539118
-0.461956
-0.968326
-0.495823
-1.660224
-1.193771
-1.404940
-1.195446
-0.141755
0.285580
-1.623599
-0.909236
-1.261288
-0.237292
-0.618335
-0.712819
-0.733590
-1.408641
-1.200324
0.892034
-1.253727
-0.469459
-1.101122
-1.082955
-1.302818
-0.989838
0.661496
-0.988854
-1.030520
-0.942211
-1.400363
-0.142753
-0.932762
0.764417
-1.020475
-1.301143
-1.663839
-1.014116
-1.179331
-1.492607
-1.212482
-0.089950
-1.707229
0.088112
-0.572255
-1.198218
-0.562711
-0.728632
-1.244188
-0.009462
-0.299465
0.536058
-1.847692
-0.460855
-0.768460
-1.400892
-0.363562
0.594510
-1.141562
-0.477000
-1.433349
-1.732038
-0.687691
-1.325199
-0.597218
-0.438687
-0.951043
-0.382933
-1.176600
-1.326398
-0.728730
-1.634602
-0.718625
-1.322754
-0.552552
0.513459
-1.186687
-1.369297
-0.494798
-1.291499
-1.157756
-0.258058
-1.463017
-1.815780
-1.625119
-0.764833
-0.421774
-0.352547
-0.502869
-1.092545
-1.323086
-0.441643
-0.742107
-0.704575
-1.406625
-0.707955
-1.124608
-0.502776
-0.878396
-0.317284
-1.536285
-0.775035
-0.464512
-0.757963
-1.702236
-0.807966
-0.733540
-0.665797
-0.712264
0.319563
0.526574
-0.404741
-1.195379
-1.226377
-0.674996
-1.215691
-1.061259
-1.176293
-0.880475
-0.524915
-1.405898
-1.569173
-1.410362
-0.743178
-0.911944
-1.215477
-1.502129
-0.273006
-1.173732
-0.047434
-1.493872
-1.531572
0.235863
-1.315799
-0.570990
-0.427631
-1.711296
-1.223925
-1.547374
-1.166203
-1.556847
-0.615105
-0.298922
-1.262316
1.835170
-0.695252
-1.315870
0.297605
-1.631016
-0.437695
-0.397548
-1.131634
-1.135410
-1.216463
-0.699514
0.010474
-0.381216
-0.104263
-0.754032
-0.092924
-0.688290
-0.987464
-0.269465
-1.133534
1.007127
-0.682176
-0.628557
-0.606959
-1.804777
0.442531
-0.316676
-0.159048
0.386577
-1.284218
-1.545558
0.383193
-0.942214
-0.773326
-0.159574
-0.622511
-1.353958
-0.901800
-1.295226
-0.165135
-0.641848
-0.697893
-0.021683
-1.767497
-1.708076
-0.817310
-0.763430
-0.664405
-0.466529
-0.854817
-0.441858
-0.918850
-0.432602
-1.381392
-0.573934
-0.656164
-0.673962
-0.558779
-0.736273
-0.734387
-0.525615
-0.704904
-1.090340
-0.350545
-1.536455
-0.596498
-0.950016
-1.505888
-0.181686
-1.396036
-0.367055
-0.016718
-0.811689
-1.136479
-1.351385
-1.275089
-0.669817
-0.340750
-1.173357
-0.271507
-1.398444
-0.679622
-0.543810
-0.599907
-0.539747
-0.692335
0.108977
-0.630668
-0.395637
-1.266275
-1.064645
-1.280072
-1.155711
-0.650727
-0.026618
-0.836819
-1.337320
-1.688758
-0.343835
-1.159477
-0.623611
-0.440412
-0.347442
-1.180021
-0.979389
-0.410532
-1.521301
-0.676932
-0.417691
-1.863147
-0.459783
-0.571262
-0.617023
-1.459743
-0.326206
-0.149963
0.038341
0.691591
-0.796797
-0.186726
-0.931346
-0.704653
-1.450433
-1.364047
-0.868612
-1.078323
-0.529619
0.313173
-0.167508
-0.304682
-0.665847
-0.062570
-0.640044
-0.127330
-0.346096
0.346108
-0.412028
-1.883222
-0.384358
-1.072164
0.097986
-0.607157
1.065925
0.166868
-0.678069
-1.431479
-0.347956
-1.300390
-0.374025
-1.473811
-0.537774
-1.478626
-0.650979
0.201524
-1.485619
-1.380691
-0.632151
-0.459359
-0.630557
-0.620684
-1.541601
-0.660934
-0.748610
-1.085962
0.456029
-1.457617
-0.584402
-0.678808
-0.362923
0.329467
-1.691709
-1.251060
0.388262
-1.454569
-0.455371
-0.520833
-0.949246
-1.118043
1.891585
-1.438250
-1.282191
-0.549175
-0.629693
-1.247801
-0.366345
-0.333914
-1.715286
-0.984717
0.168960
-0.451421
0.093924
-1.797910
0.144514
-0.443211
-0.652417
1.087155
-1.153444
-0.557225
-0.627394
-1.884277
-0.442633
-1.799197
-0.165562
-1.023276
-1.438143
-1.474302
-2.079752
-1.440995
-0.229910
-0.712755
-0.569582
-0.886204
-0.956745
-0.097166
-0.433695
-0.414775
-1.379345
0.929936
-0.969675
-0.704026
-1.258451
-0.383652
-1.737624
-1.215762
-1.555955
-0.123486
-0.897029
-0.684706
-0.490482
-1.338087
-1.576344
-1.091607
0.375227
-0.350606
-1.173322
-0.510396
-1.708606
-0.660532
0.049301
-0.666515
-1.090374
-1.489086
-1.437812
-1.140142
-1.697137
-0.996264
0.560937
-1.561795
-0.808663
-1.206478
-0.526442
-0.529965
-1.523596
-1.312909
-1.358214
-0.654660
-0.470357
1.650804
-0.924649
0.133432
-0.655710
-1.431786
-1.203705
-0.776720
0.288932
-0.538400
-1.231027
-1.912622
-0.355210
-0.375523
-1.662320
-0.445908
-0.368288
-0.925313
-1.702688
-0.444224
-0.517869
-1.414589
-0.444279
-1.061373
-0.890944
-1.041939
-0.045049
-0.515618
-0.754281
-0.892661
0.485838
-1.330997
0.067187
-0.737317
0.043767
-0.520569
-2.063913
-0.485834
0.457476
-1.342080
0.100713
-0.964572
-1.097456
-0.565927
-0.455787
-1.597738
-1.155388
0.582028
-1.481448
-1.088666
-0.261585
-1.647264
-1.309873
-0.675560
0.546132
-0.399910
-0.813909
-0.468934
-1.458512
-0.142709
-1.150784
-1.026554
-0.536627
-1.122431
-1.725686
-1.148206
-0.637835
-0.301836
0.471439
0.044642
0.791768
-1.121752
-0.768041
-0.929906
-1.214761
-1.384027
-0.484868
-0.443150
-0.456361
-0.550790
1.037724
-1.692478
-1.303592
0.310299
-0.574051
-1.594628
-0.280669
-0.473932
0.269748
-1.386329
-0.643883
0.312855
-1.877854
-1.090878
-0.595526
-1.738626
-0.561137
-1.238174
-0.762459
1.526626
-1.367146
0.602078
-1.690765
-0.163462
-0.141320
-1.010789
-1.711388
-0.118311
-1.503059
-1.594985
-1.346354
-0.885771
-1.407308
-0.947269
-0.298705
-0.733068
-1.099296
-0.598790
-0.720824
0.004299
-0.464414
-0.833060
-0.293919
-1.034511
0.058377
-0.762246
-1.430980
-0.848670
-0.202431
-0.770884
-0.636784
-1.485419
0.083411
0.643832
-0.550513
-1.553293
-0.057266
-0.458835
1.010041
-0.463122
-1.516421
-1.384451
-0.159936
-0.602582
1.989184
-1.808198
1.244640
-0.803730
0.005718
-1.200401
0.113197
-0.609600
-0.555345
-1.537019
-0.936658
-0.720730
-0.695912
-0.180796
-0.760660
-0.228028
-0.649724
-1.390391
-1.260161
-1.167113
-1.585572
-1.634570
-0.200572
-0.812301
-0.292654
-0.131247
-1.388277
-0.704905
-0.597079
0.058073
0.445340
-1.411239
-0.873315
-1.385240
-1.795185
-0.357786
0.465563
-0.922426
-0.990830
-1.009098
-1.490655
-0.131090
-1.365136
-1.580294
-0.610932
0.333352
-1.601587
-0.910875
-0.474839
-0.153444
-0.945377
-0.588127
-0.063481
-0.585308
-0.960546
-1.470610
-0.406800
0.946860
-0.475273
-1.117092
-0.984999
0.064691
-0.817042
-1.415189
-0.665334
-0.841806
0.260714
-1.175625
-1.913470
0.657617
-1.785140
-1.409348
-0.310023
-1.427314
-1.075023
-1.305723
-0.167807
-0.672910
0.138835
-0.371620
-0.236934
1.224197
-0.140196
-1.477081
-0.404450
-1.197750
0.233158
-0.370545
-1.097291
-0.768322
-1.631876
-0.460798
-0.648262
0.283492
-1.027306
-1.115957
-0.319248
-1.436284
-0.093416
-1.072932
-0.387478
-0.123485
-0.338884
-0.892931
-0.978174
-1.229233
-0.665420
-0.358079
-1.604670
-0.583167
-0.702002
-0.781923
-1.024785
-0.766720
-1.133855
-0.890210
-0.997739
-0.168427
-0.533416
-1.663048
-1.124562
-1.152719
-0.426936
-1.358216
-1.252639
-1.351563
-1.883197
-0.101393
-1.645609
-0.691529
-0.712813
-0.278890
-1.668779
-1.712844
-0.292057
-0.488594
-1.270434
-0.298098
-0.734866
-1.417155
-1.819780
-1.609410
-0.100808
-0.188709
-0.677839
-0.409612
-1.107175
-0.264566
-1.381644
-0.916451
-1.751284
-0.533869
-0.606145
0.135656
-1.551220
-0.674085
-1.627228
-0.459001
-0.914466
-0.836194
-1.188653
-1.305003
-1.580097
0.891107
-1.091561
-1.813961
0.753088
-0.616301
-0.743101
-0.907914
0.776912
-1.082391
-0.560045
-0.298100
-0.567505
0.470550
-0.327917
-0.730172
-1.312181
-0.481699
-0.251969
-1.625693
-0.553973
-0.015446
-0.842416
-1.235315
-1.663914
-1.208305
-0.871901
-1.255632
-1.456544
-0.929494
-0.996592
-1.433282
-0.253084
-0.655340
-1.374558
-0.407815
-1.467081
-0.405837
-1.063522
-0.456076
-1.982603
-1.326043
0.115345
-1.644976
-1.000728
-0.045211
-1.199135
-1.514318
0.795751
-1.926206
-1.229412
0.816110
-1.405347
-1.107848
-0.799199
-0.499311
-1.833976
-0.215545
-1.248680
-1.546900
-1.032853
-0.419376
-1.767067
-0.619681
1.905449
-0.203473
-0.392350
-0.092191
-0.995190
-0.118659
0.319216
-0.071272
-0.935669
0.238174
1.274359
-0.535553
0.247102
0.248470
0.363795
0.429029
-0.415236
-0.534813
1.628145
-0.457568
-0.829995
-0.824756
-0.533401
0.409105
0.067107
-1.084504
-1.208934
-1.387487
-1.372760
1.660346
-1.443397
1.156715
-0.283126
-1.013977
-1.486077
-1.328567
-0.421011
-0.242133
-0.193195
-0.718470
-0.857413
-0.716405
-0.956105
-1.186713
0.089321
0.864411
-1.022418
-0.975630
-0.258409
0.300829
-0.104495
0.008403
-0.938985
-0.593785
0.229282
-0.706751
-2.019085
-1.211032
-0.469253
-0.541498
-1.071157
-1.253872
-0.510703
-1.582861
-1.527114
-0.643464
-1.458622
-0.096061
-0.295103
0.457185
-0.263801
-1.672036
-0.585269
-0.397863
-0.566327
-0.428421
-1.149439
-0.291425
-0.884788
-0.564058
-1.283014
-0.950842
-0.678643
-1.719006
-1.639323
-1.275807
-1.193346
-0.639551
-1.154354
-0.792302
0.470832
-1.408568
-1.580101
-0.513549
-0.769285
-0.793280
-1.840982
-0.453183
-1.015804
-1.518720
-1.487505
-1.527145
-1.412861
-1.278225
-0.725126
-0.997332
-0.560572
0.004604
-1.409678
-0.566770
-1.044499
-0.044683
-1.152868
-0.817385
-0.443658
0.437785
-0.461562
-0.758263
-1.331789
-0.440759
-0.667957
-1.010582
-1.688599
-1.522680
-1.282147
-0.454757
-0.945504
-1.976472
-0.374085
-0.927653
-1.592462
-0.701113
-0.815531
-1.399633
-0.775301
-1.495581
-1.538822
-0.591643
-0.326722
0.067369
-1.254438
-0.752673
-1.603954
-0.859285
-0.575536
-1.484375
-1.167057
-1.297993
-1.040142
-1.565762
-1.563554
-1.667909
-1.424184
0.404711
-0.345597
0.016516
-1.235804
-0.839986
-0.796732
-1.874633
-0.423378
0.361636
-0.255895
-0.863716
-1.166583
-0.227708
-0.216457
-1.367965
-1.197925
-0.934991
-0.222285
-0.688815
-0.491967
-0.877593
-1.299439
-1.767366
-1.761512
-1.603582
-1.309420
-1.396271
-0.385610
-0.617553
-0.191799
0.415613
-0.137864
-1.307371
-0.040931
0.078857
-0.001267
0.045599
0.310955
-1.660189
-1.681108
-0.409184
-1.162978
-0.502743
-0.118462
-0.550963
-1.348614
-0.645298
-1.265987
-1.426589
-1.092280
-0.362626
-0.329461
0.138240
-1.638367
-1.456830
-0.875017
-1.040874
-0.699593
-1.372473
-0.222706
-1.970875
-1.145542
-1.282268
-1.100561
-0.668807
0.062103
-1.610818
-0.442366
-1.317914
-1.264490
-0.843904
-0.395599
-0.475731
-1.157745
-0.534977
-0.646563
-0.753384
-1.345371
-0.851772
-1.619386
-0.664889
-0.562716
-1.169179
-1.622200
-1.768932
-0.939086
-0.473006
-0.750095
-1.161442
-0.837724
-1.022272
-1.008414
-1.682802
-0.204053
-0.914960
-1.588907
-1.520535
-1.445289
-0.808222
-1.690032
-0.239394
-1.210262
-1.489388
-1.393944
-0.477912
-0.828225
-1.264909
-1.374781
0.085971
-1.034585
-1.548430
-1.554111
-0.852412
-1.300535
-0.928815
-1.558725
-0.217421
-0.309610
-0.840909
-0.275685
-0.338074
-0.997754
-0.849300
-1.696988
-1.063719
0.895068
0.024890
-0.385956
-0.414336
-1.087167
-1.428449
-1.613829
-0.696758
-0.517433
0.349528
-0.620357
-1.057700
0.006868
-0.757907
-2.140012
-0.975615
0.228184
-0.350180
-0.922252
-1.058384
-0.307171
-0.402066
-1.223696
-0.515369
-1.072636
-0.222711
-0.436107
-0.291195
-0.284066
-1.291470
-0.592136
1.061307
-0.349526
0.118764
-0.771616
-1.112375
0.581517
-0.192614
-0.145943
-0.550552
-1.142029
-1.328041
-0.855086
-0.679682
-1.123932
-0.794116
-1.362118
-1.240478
-1.539777
-1.442653
-1.025606
-0.149784
-1.562900
-1.476884
-1.231885
-1.511269
-0.350716
-0.698825
-0.997072
-0.042235
-0.611908
-0.670758
-0.390640
-0.593971
-0.599687
-1.470651
-1.666367
-0.351579
-1.489729
-0.582341
-1.140003
-1.467626
-0.595451
0.729894
-0.740990
-0.983092
-0.906419
-0.529655
-1.141486
-1.081279
-1.336308
-0.683947
-0.044696
-0.775844
-0.591271
-0.287966
-1.471184
-0.448055
-0.653801
-1.638235
0.151244
-1.107207
0.014447
-0.093162
0.905330
-1.085800
-1.413910
-0.432587
-1.270695
0.071312
-0.668002
-1.264053
-0.243384
-1.367452
-1.374232
-1.255727
-0.529367
-1.167431
-0.789244
-1.146876
-1.196171
-0.696541
-0.677033
-0.609286
-1.195261
-0.489823
-0.148971
-0.628302
-0.242038
-1.433236
-0.951402
-1.286706
-1.263214
-2.012037
-0.721675
-0.688922
-1.369432
-1.028242
-0.863972
-0.884833
-0.641782
-1.673813
0.592264
-1.406591
-1.468499
-0.362070
-1.276665
-0.342943
-1.609833
-1.534287
-0.942823
-0.586560
-0.369156
-0.420224
-0.485247
-0.605309
-1.244335
-1.410622
-1.631547
-1.339441
-0.355000
-1.764004
-0.315273
-0.781043
-0.369609
0.091544
-0.502777
-0.034583
-1.098745
-0.036545
-1.114390
-0.521749
0.291125
-0.998230
-1.200146
-0.125073
-1.663756
-0.435668
-0.283311
-1.317381
-1.342489
-0.358379
-0.493978
-1.390398
-1.669969
-1.382180
-0.709944
-0.772843
-0.692338
-0.407043
-1.350105
1.516942
-1.127749
-1.120781
-0.662678
-1.120651
-0.606920
0.219750
-0.237153
-1.476600
-1.187788
-1.685165
-1.680493
-1.427795
-1.372654
-2.012972
-0.648531
-0.579435
-1.328851
-0.507921
-0.244443
-0.640088
0.222916
-1.864078
-0.576088
-0.771459
-1.394194
-1.531607
-1.015318
-1.611327
-1.243961
-0.834022
-0.398232
-0.544953
-0.807249
0.514116
-0.209062
0.369954
-0.386513
1.157121
-0.827278
0.296170
-0.383097
-0.339653
-0.905026
-0.674926
-1.207754
-0.857536
0.770140
0.526891
-1.535913
-1.239135
-1.085695
0.282972
-0.023204
-0.512934
-0.872739
-0.445517
-0.818422
-0.907088
-0.873290
-0.170252
-0.795206
-1.813137
-0.577656
-0.887569
-1.630819
-1.206517
-0.596363
-0.087208
-1.325468
-0.113195
-1.382197
0.210329
-0.494817
-1.018746
-0.091109
-0.704784
-0.773372
0.114410
-0.305297
-0.329667
0.137217
-1.722645
-1.685902
-1.436954
-0.651860
-0.479737
-0.760090
-1.504176
-1.059976
-0.608034
-1.829553
-0.280236
-1.643011
-1.043772
-0.429444
0.100484
-0.069300
-0.427421
-0.753201
-1.834271
-0.360990
-1.531964
-1.119611
-1.058085
-1.028602
0.653209
-0.323499
-1.046925
-1.179978
-0.302354
-0.716384
-0.413171
-1.521687
-1.713146
-0.976242
-0.927545
-1.175507
0.111424
-0.238104
-0.822494
-0.415452
-0.432423
-1.155046
0.076206
-0.947122
-0.627092
-0.181348
-0.401443
-1.858009
-0.371175
-0.191676
-1.515644
-1.544020
-1.087624
-0.948487
0.382829
0.932962
-0.486102
-0.445174
-0.839430
-0.546116
-1.133405
-1.395563
-1.368833
-0.355603
0.917179
-0.794641
-1.410575
0.934987
0.398799
-1.162376
1.966012
-1.181538
-0.986772
0.535395
-1.144826
-0.668291
-0.527368
-1.177093
-1.273830
-0.374915
-0.491362
-0.839880
-1.482773
-0.685352
0.172501
-0.447899
-0.600463
-0.952465
-0.495268
-0.115476
-1.628677
-0.744498
-1.530273
0.075946
-1.163817
-0.400693
-0.499591
0.175589
0.025695
-0.293304
-1.052585
-1.601477
-0.784141
2.023421
-0.256201
-1.267303
-0.038676
-1.011183
-1.124553
0.192335
-1.186323
-0.752179
0.294421
-1.542120
-0.655836
-1.057602
-0.885547
-1.575285
-0.181725
-0.640837
-0.660185
-0.400239
-1.018351
-0.608660
0.523201
-0.297176
-0.957360
-1.435505
-1.163484
-0.600088
-0.768999
-0.608783
-1.255374
-0.752213
-0.694182
-1.267442
-1.610197
-0.780022
-1.040487
-1.036839
-1.173887
-0.733567
0.084103
-0.640617
0.085916
-1.274169
-0.950048
-0.826950
-1.258776
-1.236413
-0.036922
-1.216391
-0.904000
1.239809
-0.526329
-1.475425
-0.949523
-0.456640
-0.908316
-0.993793
-1.627796
-0.426644
-1.467701
-0.394628
-0.856533
-0.800197
-1.194245
-0.853363
-1.778621
-0.363075
-0.987516
-1.786582
-0.835881
-1.373125
-1.643639
-1.549473
-1.072984
-1.506251
0.813915
-1.280480
0.931521
-0.834926
-1.182264
-0.791203
1.142345
-1.136507
-0.398684
0.220174
-0.831789
-0.310847
-1.862685
-0.558936
-0.625746
-1.305965
-1.076922
-0.521035
-1.705338
-1.114332
-0.518617
-1.357750
-1.333358
-1.433302
-1.733159
-1.467351
-0.748629
-0.423703
-0.921686
-0.752832
-0.439164
-1.212801
-1.559615
-0.486380
0.357951
-0.352471
-1.622831
-0.690002
-1.745919
-1.571536
-0.655950
0.840695
-1.737700
-0.873245
-1.278648
-0.745328
-1.115575
1.782614
-0.117815
-0.440963
-0.889584
-1.281301
-1.496590
-0.518515
-1.349649
-1.206388
0.683321
-1.283707
-1.036145
0.564880
0.230782
-1.155905
0.947174
-1.543855
-0.315455
0.207386
0.438087
-0.928530
-0.349036
0.854058
-1.268167
-1.601976
0.787775
0.268331
-1.477472
0.607238
-1.211272
1.158454
-0.506433
0.773506
-1.607841
-1.754348
-1.557038
-1.745460
-1.754808
-0.688327
-0.701879
-0.492835
-1.026157
-0.920205
1.345759
-0.463635
-0.369213
-0.024976
-0.435279
-1.022305
0.370941
-1.117703
1.153177
-0.778225
-0.987974
-1.701654
-1.389033
-1.783489
-1.269297
-1.606983
-1.496938
-1.266724
-1.511906
-1.435582
-1.322324
-1.906702
-1.650248
-1.621833
-1.481824
-1.115571
-1.448640
-1.405134
-1.531806
-1.262973
-1.079421
-1.646576
-1.302485
-1.222989
-1.256114
-1.405911
-1.161413
-1.181502
-1.570214
-1.788339
-1.017543
-1.625955
-1.219908
-0.946945
-0.932290
-1.802015
-1.515397
-1.614148
-0.985410
-1.445282
-1.001548
-1.350917
-1.406669
-0.918831
-1.363201
-1.137320
-1.757948
-1.016365
-1.784163
-1.889243
-1.637183
-0.989507
-1.571952
-1.700829
-1.564984
-1.204896
-1.976363
-2.016378
-1.389002
-1.561416
-1.310986
-1.571110
-0.842046
-1.084984
-1.485898
-1.330585
-2.007996
-1.572280
-1.239480
-1.542037
-1.316484
-1.264607
-1.241374
-1.454813
-1.492875
-1.324895
-0.933234
-1.719162
-1.214174
-1.204491
-1.345318
-1.597857
-1.663346
-1.412336
-1.564639
-1.864067
-1.532403
-1.620387
-1.704384
-1.502657
-1.124332
-1.601909
-1.174881
-1.391001
-1.263679
-1.098729
-1.750333
-1.287056
-1.439298
-1.483071
-1.305118
-1.342579
-1.272143
-1.395846
-1.783531
-2.181164
-1.427052
-1.579350
-1.527462
-1.174433
-1.125837
-1.478946
-1.493338
-1.350412
-1.464233
-1.230463
-1.867245
-1.126876
-1.400655
-1.256947
-1.734299
-1.268611
