8
1 50 100 200 42 500 13 99
-5.143273
-5.999766
4.019555
-5.773203
1.858564
2.964565
3.192820
1.706725
-6.008268
1.159308
-3.828848
3.510571
-0.142778
1.250859
-0.432084
-5.783817
-0.284359
2.266432
1.637807
1.490030
-5.873121
-0.991804
-4.187923
-2.960099
-0.521663
-3.692633
3.634806
-3.542543
-1.139305
-2.858325
-0.938953
-1.570019
-5.207949
-3.064015
-1.338078
-2.482260
-5.038656
-2.405780
3.154714
7.220761
-5.306612
-0.511537
-0.069935
-4.931571
-2.797358
-5.260120
-1.413711
-0.224037
-5.375218
-3.823501
0.652658
-5.580954
1.229872
-4.620378
1.540103
-3.568729
2.522574
-1.392825
-1.052032
1.223964
1.085121
1.521381
0.813201
1.904054
-4.671845
1.357726
-1.917458
1.653530
-3.244356
-6.814508
2.636410
-5.061630
-5.079649
-3.974499
-2.293356
-2.438764
-2.506903
-0.925661
-2.246516
-3.090433
2.651888
-1.050378
0.720313
-2.871930
-1.633675
0.222191
-5.873729
-5.828582
0.974041
2.769301
-1.375380
-0.606950
-4.091019
-4.462274
-5.693064
1.707636
-1.232614
-1.339008
-0.029961
-5.138611
-3.204533
2.677431
-5.304320
-2.037554
-1.657084
-1.203615
-2.977686
-5.684370
2.554189
-5.088414
-4.963248
-3.009610
-0.751704
1.603289
-1.587376
-0.657446
-2.635435
-0.639913
0.075014
-0.694816
-2.397229
-4.016576
-5.355779
-5.135984
-2.498310
-4.815760
-5.556776
-1.789982
-3.063537
-5.001632
2.181490
-5.309579
4.130711
-0.879362
-5.877637
-1.079664
-0.729890
0.012460
-2.789861
-3.553526
0.213043
-3.548643
-0.027874
-5.150478
-5.553473
-5.354399
-6.538653
-4.760275
-4.898001
-3.275818
0.666603
1.344291
-3.687468
0.968898
0.765368
-4.244895
-4.941209
-6.637252
-5.149494
-0.783389
-5.252553
-0.231104
-0.475267
-3.317599
4.119399
-5.018741
4.240954
-0.160513
-4.960224
-5.088828
0.427598
-2.555523
-3.863194
-5.235882
-7.140584
3.441514
-5.533995
-5.339179
-5.566120
0.613333
-5.419263
-5.412652
-4.806694
0.492712
-5.576407
-1.394991
-0.297604
-2.176415
-1.275434
1.599853
-2.924246
2.739229
-5.102647
-5.480508
0.393941
-0.614048
-5.375685
-0.942107
-4.959410
-5.627348
-0.675868
1.586990
-1.521403
-5.329641
-5.260638
-5.358564
-5.211227
-1.554975
-0.710690
1.830208
3.812417
-6.421863
-2.350338
-4.180974
-5.437545
-3.213294
-5.067214
-1.426498
-0.901055
-5.047170
-5.390252
-8.273879
-2.465463
-5.054682
-1.439686
0.534662
-3.098425
-5.146029
-3.560586
-5.056596
-0.675349
2.124873
-5.446145
-1.239404
-5.661736
-1.099886
0.161649
-0.062888
2.803973
4.183411
-0.080752
-5.297032
1.545920
1.770166
4.017272
1.563208
-1.095898
-0.536612
-4.723196
-5.791860
-5.060891
2.376859
-0.514212
-5.018382
-1.921174
-3.863878
-0.458003
2.179271
-1.477032
0.444438
-0.304710
-3.548857
-0.225926
-4.859796
-0.993519
-5.026460
1.399985
0.972715
-1.294798
0.511724
-1.461555
-3.321780
-3.461033
1.116499
-5.291249
-5.464736
0.674880
-0.353344
-0.726351
-5.494720
-2.229462
2.626220
-4.286160
-5.260820
-4.768357
-4.365819
-5.116572
-1.492918
-1.862986
0.268155
-5.464022
-5.074205
-3.610641
-3.263791
0.618456
1.205509
-5.803481
-0.771854
1.275249
2.170108
-2.597139
-5.620641
-3.649146
-3.084957
-1.714687
0.386656
-0.823964
-0.013951
-4.242387
-1.285409
-1.724840
-5.591858
-1.893764
-1.897513
-0.354247
0.276205
-3.377338
3.142150
-5.386796
0.132732
-5.525126
0.919721
4.347759
-5.419777
-2.595188
-1.698017
-1.814311
-3.871377
-5.549467
-4.734283
-5.295004
-1.175319
-1.059180
-5.943038
-5.167789
-5.464283
0.719675
-5.365920
1.212108
-3.719666
-0.683265
0.657982
0.128610
-1.954402
0.574523
-5.030315
-5.281034
0.209659
-2.195154
-0.001107
-0.896088
-1.290194
-1.301247
-2.680886
-4.276101
-2.877524
-5.364050
-4.560112
-0.711478
-1.482530
-0.143692
-0.724570
-2.766332
-3.428509
5.437727
-1.396079
-5.006199
-0.638499
-5.360991
-1.744960
-4.994083
-6.093243
-2.859425
-1.025475
-4.204075
-0.931754
-5.271357
-0.715784
-2.454354
-2.707203
0.560957
-0.028234
-0.807822
-4.826445
-2.999463
-4.416416
-5.387566
-4.738301
1.863670
1.766436
-3.411401
-1.918563
-0.820786
-5.455852
-7.036930
0.240413
3.685091
1.852518
-2.337795
-3.105798
-4.864290
0.327098
-0.210459
-3.858565
1.391670
-4.938117
-4.955854
0.028565
-5.893363
-5.634612
-5.078175
-5.479156
-1.042794
-3.854799
-5.236536
-5.535028
0.589984
-1.271020
-0.930388
-5.969843
-2.295634
-5.222627
-5.002603
2.507692
-5.396748
-0.659130
-4.507960
-4.692603
-1.761494
-3.181497
-4.977300
-4.748774
-0.185376
-5.340302
-5.231142
-5.504863
-5.326768
1.489200
-2.890685
-4.961239
-5.255605
-2.038904
-3.417660
-5.682206
-0.583587
0.557414
-5.234870
0.052839
-4.894571
-5.257167
-5.931054
1.059023
-5.034627
-2.830302
-4.838636
-4.488926
-1.427074
-5.610871
-3.225230
-6.762905
-5.073385
-1.297545
-5.143269
-3.329765
-5.191085
-5.208241
-5.619724
-1.458073
-0.619679
-4.107727
-1.602359
-3.446826
-0.566270
-0.125827
0.751682
-1.371050
-2.580733
-1.935870
0.274604
-6.277320
-5.223436
-1.250478
-4.770377
-5.335522
-5.388979
-3.212570
-3.760361
-3.870370
-0.575481
0.355024
-4.910711
-5.264640
-5.046207
-5.297908
-3.998614
-3.877099
-5.204452
-3.348174
-3.251964
-2.636780
-4.099794
-3.445128
-4.228197
-5.482185
-4.948409
-0.307929
-5.026670
-2.989331
-3.231441
-5.189443
-1.654468
-2.303608
0.071197
-3.751129
-5.312419
-1.117295
-4.963523
-2.047900
-4.812023
1.536719
-1.660079
-5.067219
-4.639461
-3.731018
-0.660803
-5.574527
-5.609789
-1.866763
-4.958137
-0.328428
-3.145448
-0.572316
-7.311998
-1.897220
-5.017687
0.092996
-1.761337
0.940353
-5.557454
0.569005
-1.885523
-3.126654
-1.389670
-0.746062
-5.269248
-1.169823
-5.474006
-4.909779
-1.457958
-5.644375
0.375902
1.865790
-5.207462
-5.032209
-3.244797
-5.464986
-1.845953
-5.151973
-1.330048
-5.335008
-1.158556
3.490068
-5.244672
-2.472024
0.076878
-5.175231
-4.693646
-2.575479
-5.151394
-4.994538
-5.497598
-1.617299
1.732761
-1.804944
-1.645915
0.937762
-5.064409
-2.056792
-1.013919
0.043771
-6.044337
-1.832827
-5.793016
-3.881012
-4.244273
-1.188040
-5.349355
-1.426303
-3.593827
-1.744989
-5.279276
-2.699205
-6.284174
-1.688101
-2.417454
4.054465
3.205564
-2.204586
-1.286465
-7.560227
-1.569924
-5.773932
-1.421991
-4.471704
-0.010344
-0.474197
-5.378081
-5.129368
-2.907213
-3.293713
-3.575754
-3.800658
-5.428101
0.876452
-4.915129
1.082286
-5.034931
-5.607815
-0.748647
-5.451882
-2.693853
0.990328
-5.716381
-5.575253
-5.302028
-4.972456
-5.041466
-2.255866
0.803849
0.846565
3.974508
-4.045026
-0.646110
-0.587138
-5.353685
-1.457224
-0.479704
-4.929458
-6.103939
-5.450738
0.231186
0.094850
-2.340148
1.647361
0.340977
0.939720
-0.929901
0.456144
2.468354
-5.162971
-2.336150
-0.344852
2.517219
-0.705241
-5.375771
0.210334
-0.846012
-1.952351
-2.711764
-5.207606
-5.546780
-3.023209
-0.236839
0.811971
-4.337338
1.457977
-5.377711
-1.555415
-0.063034
0.909964
0.342050
-2.192838
-0.311575
-5.673298
-5.036034
0.639457
0.935037
-2.954926
-2.830762
1.871212
1.765310
-1.257513
3.272337
-5.552212
0.314663
-3.690344
-1.423214
-2.026769
-1.062913
-2.611190
-4.420140
-0.679905
-2.960705
-2.795248
-5.228432
-4.385950
-3.578671
-5.546887
1.397727
-4.919874
-2.905662
1.744564
-2.741105
-5.164897
-4.797050
-2.780024
-2.259586
-2.014923
1.552439
-4.788166
-4.992806
-1.670444
-1.477781
-0.010496
-3.126618
-1.283481
-0.121747
0.733728
-8.626841
-5.549775
-0.198855
-2.676871
-1.726835
-1.597279
0.884669
1.066350
-5.140958
-5.524239
-3.298921
-0.847377
-3.842142
-2.211264
-1.359328
-1.575084
-1.193813
-2.144531
-5.416203
-5.430026
-4.966086
-5.251030
-1.162132
0.604071
0.766464
-5.244287
-1.922613
4.303227
-4.499079
-1.902901
-5.349453
-3.962362
0.084851
-0.803740
-4.929791
-5.304831
-3.090354
-5.562943
-2.076272
-2.333588
2.193655
0.457896
-1.625172
-5.635103
0.658265
2.484310
0.185375
2.597302
-2.446732
-5.520039
-7.243412
0.344354
-1.284742
-1.256198
0.341681
2.822419
1.827398
-0.860272
-1.376797
-5.456964
1.660620
-5.086157
-4.164889
-2.642808
-1.494897
-1.547448
-5.329265
-4.782156
0.700626
-2.997271
0.232806
-4.356425
-5.171271
-0.602333
1.323574
-4.834089
2.252373
-5.078674
1.420334
-3.661551
1.741779
-4.364004
-5.195290
-4.653169
0.098599
-5.029499
2.146146
-4.215880
0.208285
-1.775574
6.024376
-5.027661
-5.197695
-0.971158
0.479759
-4.697228
-0.445010
2.134042
-4.912927
-5.237741
-0.139930
-3.258896
-3.449330
-5.730821
-2.050956
2.215966
-0.021393
0.847891
-0.464648
-0.337600
-0.879256
-5.166915
-4.855522
-5.018190
-0.035145
-1.367264
-5.513411
-5.568132
-5.933335
-5.204068
1.386811
0.790111
0.435610
-2.589096
-2.160000
0.374047
0.432293
1.774136
-5.526734
-1.033879
-0.390164
-3.374068
-5.120121
-2.980180
-5.044560
-5.493937
-5.061892
-3.385584
-2.426798
-2.167537
-4.803993
-5.285523
-4.906993
-6.041590
-2.387824
-5.648829
-1.537001
-1.217015
-5.096831
3.786799
-4.509180
-0.820839
-3.413205
-4.998178
-5.554569
-4.812326
-5.172679
-2.261945
-0.398932
-2.096580
-3.534343
-0.733468
-2.277435
-2.120881
-5.167279
-4.786580
-5.676043
-3.307132
-2.182279
3.234081
-4.344324
1.263373
-3.378262
-4.801328
-0.861998
-2.164002
1.932104
-1.321857
-5.132277
-4.989303
-0.886024
-6.266044
-5.347187
-5.888484
-1.576280
-5.350829
-4.926597
-5.165754
-3.718329
-5.431809
2.082160
-5.940239
1.012051
-5.198840
-1.415663
1.205741
-5.014547
-1.680499
1.865348
-5.451266
-1.036797
-4.797208
-4.010890
0.454191
-4.986417
0.936373
4.106400
-5.088842
-4.407027
-5.141572
-5.648271
-1.635359
-0.850919
-5.240320
-6.683144
0.288308
-5.407108
-2.277615
0.260370
-5.463595
-4.477449
-1.043204
-3.234530
-3.201235
-3.389878
-2.665666
-5.610404
3.592157
0.298875
1.218560
-7.238417
-5.474077
-4.929880
-3.751526
-0.855744
-2.658639
-0.637430
-5.617100
0.652881
-5.447232
-3.249702
-2.479548
-5.737983
-5.305187
-2.509210
-2.384542
-1.624816
-1.304603
-2.041775
-4.778161
-5.570914
2.025818
0.886973
-4.994159
-0.737975
-2.047083
2.004415
-5.308328
-2.722208
3.783700
-5.069186
-5.167071
-0.822907
-5.138076
-3.022630
-2.413544
-1.636354
2.971228
-5.044258
1.647516
-5.131074
2.457344
0.816076
-4.449905
-5.405034
1.312961
-5.066356
-5.727323
-5.322885
-1.448963
-2.688065
0.763592
-1.905899
-2.494852
-3.235568
-1.256852
-0.964028
-4.447194
-1.066151
-4.244369
-2.784964
-5.136950
1.823159
2.019516
-5.359349
-4.358841
-4.446503
-2.714714
-1.431613
-4.744516
-1.560896
-0.178230
-3.194746
-5.016947
-3.675401
-1.921997
0.514320
2.052390
-4.908566
-4.933105
1.252467
-2.665291
0.655931
-5.025253
5.721775
-1.469135
-1.120461
-5.497227
-3.792517
-0.144210
-3.429621
0.366546
-2.643260
-0.722463
-6.559524
2.276034
-1.727874
-1.926589
-2.833412
-4.963234
-4.168437
-4.940803
-5.074513
-5.616059
-2.627094
-2.526831
-3.541392
-2.238580
-3.041553
-0.690562
-4.856343
-2.449190
0.638197
-5.794655
-1.038306
-5.338374
-5.398608
-1.183491
-2.183317
-2.839031
-1.952857
-5.380171
-5.827940
2.026768
-5.233541
-4.854694
-3.404779
-4.051236
-5.434006
-2.386200
-3.208487
-1.144061
2.330634
-1.491127
-2.119129
-3.120080
-5.083194
-5.279908
-0.179052
1.098366
-4.993609
-2.194204
-0.741026
-2.384382
-1.562841
-6.459465
-4.339931
-1.152457
-5.260948
-4.295658
-5.717413
-5.378591
-5.242060
-4.986802
-5.539900
-5.396847
-3.459352
-5.379528
-4.344539
-6.257658
-2.204909
-1.601828
0.633702
-0.704609
-3.435195
-5.180600
-2.210365
-5.026387
-1.090047
0.182763
-0.064109
-0.499886
-5.544971
-6.727523
-3.213089
0.382374
-5.602377
-0.942561
-2.523253
-5.183178
-0.365267
-5.253885
-0.148007
-3.086443
0.630382
-1.203004
-4.770521
-5.474169
-3.238109
-2.281251
-5.184762
0.072975
-3.400541
-0.782503
-5.098625
-0.835166
-5.229861
-5.692824
-1.482992
-3.009139
-0.980366
-5.653081
-4.638312
-2.355625
-2.823988
-5.403222
-5.305919
-5.555141
-5.503016
-7.886823
-5.365794
-1.233309
-4.988159
-4.484314
-5.399783
-4.870552
-2.079125
-2.194701
-5.668730
-4.049653
-0.465962
-4.776954
-5.344444
-5.481831
3.105966
1.841212
-2.022515
-1.977593
-4.959218
-0.926494
-5.624960
-1.315537
-4.879018
-3.471101
-2.862106
0.237056
-5.394736
-1.531823
-4.968171
-3.557130
-5.844143
-1.633247
-5.519965
-5.119950
-4.884217
-9.889117
-2.337220
-4.784111
3.868458
2.456354
-5.696410
-2.391027
-3.381476
-2.380829
-0.552803
-2.416527
-6.252132
-1.888561
-2.466565
-1.729565
-5.672658
-3.342571
0.272152
-5.414521
-2.979414
0.661366
-7.873301
-5.334835
-5.417805
-4.309639
-2.165317
-5.429470
-5.075809
-1.574964
-2.776740
-4.707942
-3.939105
-6.118964
-5.240174
-3.632824
-5.310015
-2.349440
1.946961
-7.477784
-4.927606
-4.801234
-5.816843
-5.446982
-5.575709
-2.438294
-5.132456
-5.128104
-4.795801
-5.759264
-5.147122
1.891886
-5.317753
-5.313320
-1.241281
0.280584
-5.403441
0.451110
-5.808119
-5.139875
-3.559530
-3.313724
-5.095204
-1.819510
-3.702499
-0.580942
-2.082917
-2.614544
-5.584047
-3.141128
-5.035070
-3.337974
-5.222875
1.094097
-1.060665
-1.237478
1.873128
-0.033831
0.858111
7.013728
-2.947883
-3.295766
-0.866486
0.368185
-2.121466
-0.952093
-4.332106
-2.535872
-3.487436
0.237437
-5.475347
-5.402400
-5.804008
-0.594665
-5.515004
5.201297
-4.020675
-2.221872
-6.001133
-5.053430
0.331866
-6.607899
-2.086562
-1.971838
-2.950773
-4.766686
-5.244873
-5.285233
-5.335425
-1.703250
-5.975074
-4.731511
-5.073190
-2.123078
-0.099183
-3.563058
-5.766045
-1.743166
-1.858234
-1.064128
-5.649052
-3.265584
0.308061
-4.718233
2.206439
-0.679674
-2.758119
-5.511219
-5.449836
-3.369249
-5.749166
1.681534
-2.421460
-0.674928
-2.437441
-5.536669
-2.306302
-3.886905
-4.947331
-7.424934
-5.373165
2.187674
-1.562791
-2.207962
-2.135234
-1.249415
-2.999393
-4.727861
-5.259956
-5.560761
1.824580
-4.856946
-1.350227
-1.033917
-0.726304
-4.591897
-5.350547
-3.884302
-1.098046
-3.638791
-5.250137
-2.790438
-5.196706
-5.836709
-4.974956
-5.122489
-4.778782
-5.705010
-3.634809
-6.414600
-2.447819
-3.155588
-5.479615
-2.208352
-7.755432
-3.872669
-5.159347
-1.488648
-3.080773
0.807086
-2.461380
-2.694020
-5.266530
-4.536289
-3.938699
0.953303
-6.170325
-5.351134
0.974324
0.153867
-3.327472
-5.526175
-0.782364
-3.593032
-5.273789
-1.227617
-4.121181
-5.207779
-3.432298
-5.315633
-5.245109
-2.409506
-1.592376
3.881857
-5.606596
-3.094067
-5.506598
-3.278896
-2.458322
-5.194831
-5.196853
-5.356114
-4.016342
-5.242202
-5.545199
-5.555066
-5.296472
-0.927107
0.070697
-2.902304
-5.945149
-2.072968
-1.173405
-4.885818
-4.074125
-3.716931
-2.947322
-4.059703
-3.222502
-0.450332
1.443413
-5.070838
-5.221187
-4.674824
-1.167108
-1.527096
-0.248726
-2.676992
-3.148522
-4.936953
-5.543604
-4.980157
-4.692974
-5.230997
-3.582345
-4.545506
-2.367787
-3.553305
-0.630068
-5.703276
-3.146497
-3.504276
-1.360850
-3.773010
-2.765671
-5.306480
0.601625
-1.824496
-5.752377
-3.394599
-5.421517
-8.562538
-0.224986
-6.936420
-5.445402
-5.166412
-4.795663
-2.310563
-1.158625
-1.359204
-5.520995
-5.106514
-2.883897
-4.631741
-2.505839
-5.060229
-1.650053
-4.499502
-5.209701
-5.386066
-0.405031
1.314878
0.071731
-5.185224
-2.392002
-5.185841
-4.941685
-5.672997
-4.013427
-1.641449
-4.858739
-5.716896
-2.801062
0.596290
-5.560405
-1.676757
-5.659679
-2.343202
-2.372185
0.219526
-5.802441
-5.283613
-0.955713
0.193553
-4.471786
-5.336201
-5.102580
-3.115774
-5.388914
-4.962947
-0.384290
0.270584
-5.179988
-5.659002
-5.503216
-1.432136
-4.961355
-0.310572
-5.045935
-4.760390
-5.187193
-4.619739
-7.177993
-5.717340
-5.079804
-3.674164
-3.753497
-5.252887
-5.368400
-0.491926
-5.559538
-3.006259
-5.153590
2.816148
-2.573270
-1.160871
-2.065021
-1.424446
-4.965464
-3.863063
-5.083400
-4.210431
-2.438721
-3.923277
1.750026
-3.513048
-5.170202
-5.262913
-5.556582
0.079932
0.845614
2.502484
-4.809983
-5.623228
1.300565
-5.269890
-4.618009
0.827732
0.046921
0.625389
-0.702266
-1.398067
-1.504792
-4.113441
-3.759130
-3.552253
-5.628343
-1.876594
-3.333512
0.311548
-1.056320
-5.104244
1.712852
0.192326
-2.906675
-1.691071
-2.169211
-1.001114
0.408746
0.243012
-0.567099
-1.564353
-3.851066
-5.316252
-0.322280
-1.735581
-4.211060
-3.228714
-5.447134
-2.285390
-3.510288
-5.360494
-4.578793
-2.959082
-5.059904
-5.043172
-5.325396
-5.464750
-0.514965
-1.026065
1.785387
-2.587818
-1.592401
-4.637995
-5.700136
-2.738979
-5.502145
-5.376205
-5.457290
-4.110386
-5.547247
-4.950505
-2.618850
-5.244030
-1.752864
-1.015423
-2.903687
-3.052660
-1.793432
2.957984
-4.670239
-3.685406
-5.478885
1.961322
2.617512
-0.995181
-6.833278
-2.559799
-5.186293
-1.211429
-1.131288
-5.249420
-9.899657
-6.153410
2.224839
-4.671227
-1.317402
-3.718561
-5.607235
-2.728790
-4.890855
-4.259299
-7.084304
-5.043734
-4.737525
-5.416683
-4.890040
-5.576196
-0.627569
-3.047489
-2.933390
-5.440296
-5.082698
-5.768524
-5.308308
1.075396
-4.700641
0.767918
-0.021051
-4.043615
-2.914791
-5.595409
-1.224584
-1.882283
-5.588414
-5.560802
-4.085584
-3.378799
-5.733907
-5.456408
-1.745486
-0.376761
0.129038
-4.611818
-1.797398
-5.150782
-3.582442
2.458979
-5.607698
-2.786739
-4.709706
-0.462258
-1.911998
-1.433427
-3.692948
-1.239063
-0.086155
-1.299639
-2.217790
-5.674064
-5.180569
-5.265860
-5.910974
-5.083888
-2.442868
-0.929733
-1.030917
1.028989
-2.221128
-0.240413
-5.508306
1.263701
-5.080059
-3.683303
-1.009381
-1.182586
-1.986967
-2.748202
-1.612413
-1.258339
-3.520237
-4.888788
-2.867208
-5.104193
0.737817
-5.562998
-5.696734
-5.300098
-2.479859
-1.187019
-2.011267
-1.310788
-5.458491
-4.175546
-4.810630
-6.039072
-5.960504
-5.213419
-2.638396
-1.471637
-0.424584
-5.571767
-6.072975
-5.315323
-2.971512
-5.479938
-5.226491
-5.789547
-3.919189
-3.629967
-4.954373
1.429411
-1.002862
-0.554412
-1.882781
-5.598331
-4.811872
-3.663386
-4.887083
-5.635201
-3.987484
-4.890925
-5.128713
-1.904158
-3.488467
-0.920831
-1.101632
0.489932
-4.627701
-2.531713
-0.204738
0.611122
-1.324907
-2.415049
-2.861867
0.540648
0.168062
-4.344286
-5.183393
-0.850258
1.350564
-0.388613
-5.656901
-5.385067
-5.994971
-0.841769
-3.616856
0.438845
-5.115037
-1.177555
2.373094
-4.010506
-3.431638
-1.977617
-0.912260
-5.014152
-2.446096
-1.890396
-4.846758
-4.895314
-2.034128
-0.308377
-1.560787
-5.235756
-5.563994
0.860685
-1.859408
1.284947
-4.689862
-4.762197
-4.256622
-1.564023
-2.509081
-2.066148
-3.537280
-5.028358
-4.952498
-5.170078
0.992958
-2.644166
-4.647748
-5.361546
-3.017607
-3.477482
-4.817317
-1.536387
-5.529752
0.776881
-4.847282
-2.216631
-7.388885
-4.168706
-4.011168
-5.600188
-4.368535
-5.389325
-2.398877
-0.527330
-0.228993
-1.159322
1.955691
-4.859617
0.796508
-2.805982
-5.663870
-0.732467
-5.502477
-4.940718
-4.472277
-3.623003
-5.493408
-2.183142
-1.362363
0.911352
-3.326242
-4.668023
-4.822037
-2.049866
-1.325442
0.719837
3.268640
-3.440420
-5.750993
-1.514440
-4.415048
-5.056591
-4.862528
-5.695850
-3.053253
-3.343013
-7.045407
-6.367072
-2.820563
-2.769279
-0.716853
-2.902204
-5.389855
-5.456593
-3.765520
-3.373108
1.710950
-5.411824
-2.382273
-1.820230
-1.112329
2.416874
0.227892
-5.131371
-0.851234
-4.211985
-8.756966
-3.850455
-0.663265
-3.755758
-2.811274
1.044841
-2.607075
-4.828486
-2.930982
0.959031
-2.881333
-2.967662
-3.133828
-6.970539
-2.356569
-5.380560
-2.672618
-5.201034
-1.453342
-1.700164
-4.898589
-2.358344
3.053113
-1.736666
0.296122
-4.489527
-5.509232
-3.960498
1.022944
-2.493063
-5.075038
0.997896
0.193655
2.219932
-3.408459
-4.070786
0.717483
-0.922626
-5.169603
-2.274977
-3.706958
-2.492338
-4.855509
0.222238
-4.456479
-4.533887
-1.768710
-0.418328
-2.004922
1.312193
-3.945136
-5.564675
-5.417362
-3.448940
-0.931680
-3.021164
-7.312501
-5.403990
-3.384433
-3.277709
-5.385713
-5.539024
-3.637046
0.140333
-4.055074
-5.875488
-2.761018
1.562885
-3.089839
-0.737688
-4.780200
-2.495207
-0.375149
-5.300494
-2.788289
-1.039370
-4.947635
-7.780569
1.486063
-2.092950
-5.581100
-0.149969
-0.934773
-0.462898
-4.043894
-5.469876
-3.772469
-5.232227
-2.598027
-2.831518
-3.329642
-2.393795
-5.264687
-6.147601
-3.532568
-1.937590
-5.628868
1.774812
-5.145682
-6.071146
-5.305978
-2.381593
1.424415
-3.239248
-4.098312
-1.245705
-0.366644
-5.576349
-5.004920
2.380909
-5.475152
-8.273595
2.637107
1.692686
0.714063
-4.923980
-2.103585
-2.820890
-1.594388
-5.848912
-1.635973
-5.553225
-3.392842
0.608202
-5.692335
-0.430189
-5.014281
-5.771185
-5.597044
-2.811810
-2.740793
-3.844931
-3.261320
-0.776186
-2.537805
-5.396855
-4.808474
-3.680009
-3.755919
-5.832223
-0.643842
-4.794477
-5.324355
-2.396454
0.663112
-4.969014
-2.984689
-5.048013
-1.844463
0.039535
0.222255
0.840817
-1.955123
-1.938925
-0.718884
-5.771677
-0.083324
-4.874368
-5.476078
0.615565
-0.731179
-5.054005
0.799508
3.694520
-5.050977
-1.545557
-5.758841
4.121862
-0.857259
1.229411
-2.541868
1.261369
1.423097
-3.115568
-2.372916
0.135603
-1.832314
-6.182510
-1.595418
-2.046078
2.778944
-8.636158
-1.151439
-4.969781
-5.584882
-2.114707
-5.297071
-5.070477
-1.730660
-2.083494
-2.438827
-4.817843
-4.987458
1.753856
-3.029529
-1.926707
-1.925780
-0.367545
1.814360
4.032464
-4.256094
2.068790
0.078064
-5.300360
-5.287183
-5.790431
-4.781643
-5.470274
-5.162099
-5.528628
-5.836164
-4.969384
-6.092893
-5.589970
-5.281229
-5.019964
-5.006331
-5.781057
-5.592567
-5.211965
-5.544095
-5.469330
-5.600938
-5.445094
-5.471182
-5.122118
-5.091762
-6.141870
-5.415277
-5.151673
-5.341715
-5.433085
-4.974372
-4.831161
-5.660570
-5.339422
-4.959648
-5.007918
-5.329481
-5.366910
-5.630098
-5.511494
-5.593144
-5.718439
-5.337652
-4.347189
-5.503818
-5.177809
-5.011174
-4.872845
-5.415577
-5.212372
-5.348665
-5.218704
-5.299678
-5.308666
-5.638117
-4.942635
-5.367354
-5.251998
-5.034169
-5.531872
-5.674167
-5.480935
-4.766054
-5.408389
-5.076530
-5.204735
-5.323509
-5.467062
-5.072258
-5.621111
-5.015595
-5.005382
-5.715101
-5.646284
-5.142564
-5.814569
-5.263590
-5.068472
-4.686558
-5.767120
-5.374275
-5.370001
-5.538099
-5.257301
-5.719849
-5.220109
-5.140851
-5.282897
-5.664110
-5.097544
-5.313674
-4.968602
-5.503394
-5.442757
-5.515729
-5.338265
-5.446285
-5.223939
-5.125508
-5.112628
-5.544376
-5.440978
-5.058942
-4.734408
-5.398441
-4.928353
-5.849371
-5.030205
-5.189054
-5.579488
-5.090483
-5.503050
-5.345648
-4.929749
-5.083134
-5.353752
-5.314824
-5.388953
-4.940856
-5.009318
-4.908855
-5.727407
-5.078934
